1 0.7896347658146428 0.6411511922466852 0.6860734712565064 0.8781583982311094 0.16255082697539378 0.7845546334245052 0.3274510662515881 0.5617776624726862
5 0.37338541666666664 0.25492592592592594 0.057984375 0.07602777777777778
0 0.4439114583333333 0.46025925925925926 0.023088541666666667 0.03676851851851852
4 0.321125 0.3879259259259259 0.03853125 0.26888888888888884
4 0.5485416666666667 0.8887962962962963 0.08752083333333333 0.2224074074074074
3 0.8630937500000001 0.755611111111111 0.061921875 0.15000925925925926
3 0.44205208333333335 0.7791018518518518 0.0640625 0.3508148148148148
3 0.4574166666666667 0.6530648148148147 0.06705729166666667 0.33541666666666664
3 0.5021197916666666 0.5212314814814815 0.08324479166666668 0.32813888888888887
3 0.5787135416666668 0.32557407407407407 0.044520833333333336 0.25630555555555556
3 0.44033333333333335 0.424 0.055078125 0.27566666666666667
3 0.41686979166666666 0.5569444444444445 0.051421875 0.31869444444444445
3 0.36872916666666666 0.5633703703703704 0.035015625 0.3358425925925926
3 0.3594114583333334 0.6100185185185185 0.0785 0.3246111111111111