2 0.5627287880739534 0.5649877939359053 0.6965474456680538 0.7756016484356735 0.23629055140414829 0.8849672129510823 0.14439317488824546 0.6525122010352202
5 0.5129791666666667 0.30916666666666665 0.04911458333333333 0.08002777777777778
0 0.5049583333333333 0.4610740740740741 0.02059895833333333 0.039481481481481485
3 0.5404114583333333 0.5849074074074074 0.10280208333333334 0.21422222222222223
3 0.45015104166666664 0.5312129629629629 0.048901041666666666 0.2801574074074074
3 0.45327083333333335 0.623 0.06405729166666667 0.29780555555555555
3 0.39234375 0.5171574074074073 0.05753125 0.2583888888888889
3 0.18802083333333333 0.3413055555555556 0.08591145833333333 0.23736111111111113
3 0.23649479166666668 0.6816851851851852 0.051625000000000004 0.28151851851851856
4 0.09591145833333334 0.33028703703703705 0.04716666666666667 0.23883333333333334
4 0.8302239583333333 0.7535925925925926 0.039713541666666664 0.2824537037037037
4 0.046572916666666665 0.9526666666666668 0.06954166666666667 0.09465740740740741