0 0.2649739583333333 0.6701666666666667 0.020390625 0.03473148148148148
2 0.4160729860235924 0.46284350244946165 0.48618559243961496 0.6507249348523535 0.8562034064611761 0.582735262550304 0.7472403484470902 0.40766518647589
3 0.5940624999999999 0.23266666666666666 0.03541145833333333 0.14554629629629628
3 0.608515625 0.3268425925925926 0.036473958333333334 0.20246296296296296
3 0.462953125 0.3826203703703704 0.04413020833333334 0.2383796296296296
3 0.32703125 0.26390740740740737 0.04778125 0.18822222222222224
3 0.30541145833333333 0.41287037037037033 0.0460625 0.19985185185185186
3 0.13135416666666666 0.36118518518518516 0.044843749999999995 0.2009166666666667
3 0.2974270833333333 0.6728333333333333 0.05491666666666666 0.22912037037037036
3 0.3570052083333334 0.674324074074074 0.07531770833333334 0.2275925925925926
3 0.3764010416666667 0.6473518518518518 0.07663020833333332 0.24478703703703705
3 0.40116145833333333 0.5759629629629629 0.06842708333333333 0.19832407407407407
4 0.8764531249999999 0.49041666666666667 0.051416666666666666 0.21431481481481482
4 0.612671875 0.7712222222222221 0.05473958333333333 0.22764814814814816
4 0.3148020833333333 0.21628703703703703 0.03028125 0.16600925925925925
5 0.7103645833333334 0.20185185185185187 0.041588541666666666 0.06534259259259259