0 0.21261458333333336 0.5058796296296296 0.01721875 0.031574074074074074
3 0.32149479166666667 0.5511944444444444 0.07086458333333333 0.18623148148148147
3 0.226078125 0.5868425925925925 0.04622916666666667 0.16025925925925927
3 0.18727083333333333 0.597 0.046859375 0.21382407407407408
3 0.13468229166666665 0.5055185185185186 0.04347395833333333 0.20566666666666666
4 0.09333854166666668 0.35033333333333333 0.037656249999999995 0.1661388888888889
4 0.62328125 0.7362407407407408 0.04843229166666666 0.18575925925925926
4 0.6565833333333334 0.35224074074074074 0.027791666666666666 0.14162962962962963
5 0.6544375 0.2782962962962963 0.03596354166666667 0.054064814814814816
3 0.46962499999999996 0.332537037037037 0.031968750000000004 0.13669444444444445
3 0.45961979166666667 0.40900000000000003 0.04865625 0.15912962962962965
2 0.45641259983927746 0.6562849961144052 0.3883348528210291 0.5175682929851191 0.6818970227917382 0.4811177022786632 0.7840343887442033 0.609679929357838
3 0.730328125 0.6805925925925925 0.043708333333333335 0.23450925925925928
3 0.6045885416666666 0.5828888888888889 0.0304375 0.1855925925925926
3 0.6216875000000001 0.49141666666666667 0.04940625 0.19839814814814816
3 0.582046875 0.5127222222222222 0.037296875 0.18437037037037038