2 0.35663802712851206 0.7858894042563538 0.2599783822480313 0.5916684911651706 0.6695638617513698 0.5341329896810781 0.8148030981442101 0.7137847311671707
5 0.6313072916666667 0.24750925925925926 0.052359375 0.07052777777777777
3 0.7169635416666666 0.48036111111111107 0.09344791666666666 0.27737962962962964
0 0.5906770833333332 0.2663055555555556 0.019276041666666667 0.037361111111111116
3 0.8222760416666667 0.5301481481481481 0.07424479166666667 0.23130555555555557
4 0.9341979166666667 0.6684444444444444 0.048562499999999995 0.2754074074074074
4 0.13429166666666664 0.3375185185185185 0.027723958333333333 0.2225925925925926
3 0.11559895833333332 0.43651851851851853 0.062546875 0.27225925925925926
3 0.06870833333333333 0.6004074074074075 0.053010416666666664 0.2976574074074074
3 0.11647916666666666 0.727 0.05308333333333334 0.30407407407407405
3 0.4716875 0.5432685185185185 0.07880729166666667 0.25119444444444444
3 0.5582395833333333 0.6472962962962964 0.06680729166666667 0.26355555555555554
3 0.5970156249999999 0.5745833333333333 0.060359375 0.2210462962962963